\\Mac\Home\Downloads\grass_ground\DSC_0524.JPG
712 1072

1 0 535.5 
0 1 355.5 
0 0 1 

0.991925 -0.116052 -0.0511455 
0.027686 -0.195403 0.980332 
-0.123764 -0.973832 -0.190613 

1147.46

\\Mac\Home\Downloads\grass_ground\DSC_0525.JPG
712 1072

1 0 535.5 
0 1 355.5 
0 0 1 

0.99232 -0.122001 -0.0203992 
0.0220783 0.0124271 0.999679 
-0.121708 -0.992452 0.015025 

1145.88

\\Mac\Home\Downloads\grass_ground\DSC_0526.JPG
712 1072

1 0 535.5 
0 1 355.5 
0 0 1 

0.992523 -0.121925 0.00575907 
0.0171057 0.185655 0.982466 
-0.120856 -0.975021 0.186352 

1144.99

\\Mac\Home\Downloads\grass_ground\DSC_0527.JPG
712 1072

1 0 535.5 
0 1 355.5 
0 0 1 

0.992501 -0.114507 0.0427774 
0.0091686 0.418709 0.908074 
-0.121892 -0.900873 0.416618 

1143.94

\\Mac\Home\Downloads\grass_ground\DSC_0528.JPG
712 1072

1 0 535.5 
0 1 355.5 
0 0 1 

0.992151 -0.0930825 0.0834931 
0.00129529 0.675337 0.737508 
-0.125035 -0.731612 0.670157 

1143.37

\\Mac\Home\Downloads\grass_ground\DSC_0529.JPG
712 1072

1 0 535.5 
0 1 355.5 
0 0 1 

0.991579 -0.0672376 0.110684 
-0.000555002 0.852449 0.52281 
-0.129505 -0.518469 0.845233 

1140.8

\\Mac\Home\Downloads\grass_ground\DSC_0530.JPG
712 1072

1 0 535.5 
0 1 355.5 
0 0 1 

0.99109 -0.0422756 0.126303 
-0.000240246 0.94772 0.319103 
-0.13319 -0.31629 0.939266 

1140.09

\\Mac\Home\Downloads\grass_ground\DSC_0531.JPG
712 1072

1 0 535.5 
0 1 355.5 
0 0 1 

0.990618 -0.0130433 0.136038 
-0.000222121 0.99528 0.0970444 
-0.136662 -0.0961643 0.985939 

1138.87

\\Mac\Home\Downloads\grass_ground\DSC_0532.JPG
712 1072

1 0 535.5 
0 1 355.5 
0 0 1 

0.990266 0.0100418 0.138825 
0.000565092 0.997096 -0.0761554 
-0.139186 0.0754925 0.987385 

1138.63

\\Mac\Home\Downloads\grass_ground\DSC_0533.JPG
712 1072

1 0 535.5 
0 1 355.5 
0 0 1 

0.98987 0.0381711 0.136748 
0.0023328 0.958677 -0.284485 
-0.141957 0.281922 0.948877 

1136.51

\\Mac\Home\Downloads\grass_ground\DSC_0534.JPG
712 1072

1 0 535.5 
0 1 355.5 
0 0 1 

0.989535 0.0655392 0.128554 
0.00500046 0.874792 -0.484473 
-0.14421 0.480046 0.865309 

1135.11

\\Mac\Home\Downloads\grass_ground\DSC_0535.JPG
712 1072

1 0 535.5 
0 1 355.5 
0 0 1 

0.989215 0.0917071 0.114205 
0.00789121 0.745223 -0.666768 
-0.146256 0.660479 0.736463 

1134.03

\\Mac\Home\Downloads\grass_ground\DSC_0536.JPG
712 1072

1 0 535.5 
0 1 355.5 
0 0 1 

0.988994 0.11462 0.0935572 
0.0100029 0.579089 -0.815203 
-0.147617 0.807167 0.571569 

1133.63

\\Mac\Home\Downloads\grass_ground\DSC_0537.JPG
712 1072

1 0 535.5 
0 1 355.5 
0 0 1 

0.988837 0.130567 0.0717924 
0.0114655 0.413716 -0.910334 
-0.148561 0.900995 0.4076 

1132.52

\\Mac\Home\Downloads\grass_ground\DSC_0538.JPG
712 1072

1 0 535.5 
0 1 355.5 
0 0 1 

0.988711 0.14366 0.0425844 
0.0140054 0.194354 -0.980831 
-0.149182 0.970355 0.190148 

1131.99

\\Mac\Home\Downloads\grass_ground\DSC_0539.JPG
712 1072

1 0 535.5 
0 1 355.5 
0 0 1 

0.988614 0.149607 0.0161414 
0.0174294 -0.00730184 -0.999821 
-0.149462 0.988719 -0.0098263 

1131.04

\\Mac\Home\Downloads\grass_ground\DSC_0540.JPG
712 1072

1 0 535.5 
0 1 355.5 
0 0 1 

0.988613 0.150089 -0.0108604 
0.0217088 -0.213665 -0.976666 
-0.148907 0.965309 -0.21449 

1130.92

\\Mac\Home\Downloads\grass_ground\DSC_0542.JPG
712 1072

1 0 535.5 
0 1 355.5 
0 0 1 

0.988567 0.146619 -0.0351787 
0.0255225 -0.392661 -0.919329 
-0.148604 0.907921 -0.391914 

1129.25

\\Mac\Home\Downloads\grass_ground\DSC_0523.JPG
712 1072

1 0 535.5 
0 1 355.5 
0 0 1 

0.991398 -0.101502 -0.0826265 
0.0309479 -0.431604 0.901532 
-0.127169 -0.896334 -0.42475 

1148.62

