\\Mac\Home\Downloads\ntulib\IMG_8723.JPG
2272 1704

4 0 851.5 
0 4 1135.5 
0 0 1 

0.889913 -0.00351565 0.456117 
0.00312868 0.999994 0.00160349 
-0.456119 4.51239e-008 0.889919 

717.744

\\Mac\Home\Downloads\ntulib\IMG_8724.JPG
2272 1704

4 0 851.5 
0 4 1135.5 
0 0 1 

0.980396 0.0103696 0.196766 
-0.00863179 0.999916 -0.00968754 
-0.19685 0.00779903 0.980403 

716.627

\\Mac\Home\Downloads\ntulib\IMG_8725.JPG
2272 1704

4 0 851.5 
0 4 1135.5 
0 0 1 

0.981114 0.047066 0.187619 
0.00983744 0.95655 -0.291402 
-0.193182 0.287744 0.938021 

718.919

\\Mac\Home\Downloads\ntulib\IMG_8726.JPG
2272 1704

4 0 851.5 
0 4 1135.5 
0 0 1 

0.977841 0.141144 0.154614 
0.00520826 0.721914 -0.691963 
-0.209284 0.677435 0.705182 

719.2

\\Mac\Home\Downloads\ntulib\IMG_8727.JPG
2272 1704

4 0 851.5 
0 4 1135.5 
0 0 1 

0.978142 0.188974 0.0867589 
0.00629311 0.39014 -0.920734 
-0.207843 0.901155 0.380423 

717.02

\\Mac\Home\Downloads\ntulib\IMG_8728.JPG
2272 1704

4 0 851.5 
0 4 1135.5 
0 0 1 

0.907433 0.359975 0.216756 
-0.0227568 0.557187 -0.830075 
-0.41958 0.748305 0.513802 

716.923

\\Mac\Home\Downloads\ntulib\IMG_8729.JPG
2272 1704

4 0 851.5 
0 4 1135.5 
0 0 1 

0.896576 0.411566 0.163598 
0.00718446 0.355824 -0.934525 
-0.442831 0.839049 0.316067 

716.668

\\Mac\Home\Downloads\ntulib\IMG_8722.JPG
2272 1704
4 0 851.5 
0 4 1135.5 
0 0 1 

0 0 0 
0 0 0 
0 0 0 

0

